%% Battery parameters

%% ParallelAssembly1
ParallelAssembly1.SOC_vecCell = [0, .01, .02, .03, .04, .05, .06, .07, .08, .09, .1, .11, .12, .13, .14, .15, .16, .17, .18, .19, .2, .21, .22, .23, .24, .25, .26, .27, .28, .29, .3, .31, .32, .33, .34, .35, .36, .37, .38, .39, .4, .41, .42, .43, .44, .45, .46, .47, .48, .49, .5, .51, .52, .53, .54, .55, .56, .57, .58, .59, .6, .61, .62, .63, .64, .65, .66, .67, .68, .69, .7, .71, .72, .73, .74, .75, .76, .77, .78, .79, .8, .81, .82, .83, .84, .85, .86, .87, .88, .89, .9, .91, .92, .93, .94, .95, .96, .97, .98, .99, 1]; % Vector of state-of-charge values, SOC
ParallelAssembly1.V0_vecCell = [7.90952, 8.34439, 8.77925, 9.21411, 9.64898, 10.08384, 10.74357, 11.30381, 11.63268, 11.93821, 12.15298, 12.3273, 12.43261, 12.50816, 12.57594, 12.61755, 12.64457, 12.68224, 12.71382, 12.74201, 12.76384, 12.7798, 12.8011, 12.81807, 12.83474, 12.84972, 12.86401, 12.87896, 12.89327, 12.90705, 12.92025, 12.93293, 12.94496, 12.95422, 12.96347, 12.97316, 12.98357, 12.99397, 13.00292, 13.00978, 13.01665, 13.02351, 13.02933, 13.03559, 13.04185, 13.04811, 13.05484, 13.06156, 13.06811, 13.07393, 13.07931, 13.08459, 13.08888, 13.09316, 13.09745, 13.10191, 13.10663, 13.11149, 13.11625, 13.12077, 13.1253, 13.12947, 13.13339, 13.13718, 13.142, 13.14683, 13.15338, 13.1606, 13.16782, 13.17504, 13.18103, 13.18612, 13.19115, 13.19583, 13.20057, 13.20546, 13.21036, 13.21551, 13.22106, 13.22814, 13.23521, 13.24229, 13.24921, 13.25386, 13.25892, 13.26397, 13.26903, 13.27459, 13.2803, 13.28425, 13.2873, 13.29077, 13.29423, 13.29701, 13.30359, 13.31175, 13.31809, 13.34117, 13.37591, 13.50696, 14.69171]; % Open-circuit voltage, V0(SOC), V
ParallelAssembly1.V_rangeCell = [9, Inf]; % Terminal voltage operating range [Min Max], V
ParallelAssembly1.R0_vecCell = [.16316, .15014, .13711, .12409, .11107, .09804, .09898, .09406, .07751, .07197, .06587, .06364, .05937, .0557, .05497, .05305, .05058, .05063, .05036, .04999, .04932, .04837, .04827, .04798, .04766, .04729, .04694, .0471, .04724, .04736, .04745, .04751, .04755, .04741, .04727, .04726, .04731, .04736, .04731, .04714, .04697, .0468, .04664, .04662, .04659, .04657, .04658, .04659, .04657, .04651, .04644, .04636, .04622, .04607, .04593, .04582, .04573, .04565, .04556, .04546, .04535, .04524, .04511, .04499, .04502, .04505, .04519, .04538, .04556, .04574, .04585, .04586, .04586, .04585, .04585, .04585, .04586, .0459, .046, .04618, .04637, .04655, .04673, .04676, .04683, .04689, .04695, .04704, .04714, .04696, .0466, .04626, .04592, .04538, .04507, .04454, .04279, .04194, .03873, .03651, .07068]; % Terminal resistance, R0(SOC), Ohm
ParallelAssembly1.AHCell = 4.911; % Cell capacity, AH, A*hr
