%% Battery parameters

%% ParallelAssembly1
ParallelAssembly1.SOC_vecCell = [0, .01, .02, .03, .04, .05, .06, .07, .08, .09, .1, .11, .12, .13, .14, .15, .16, .17, .18, .19, .2, .21, .22, .23, .24, .25, .26, .27, .28, .29, .3, .31, .32, .33, .34, .35, .36, .37, .38, .39, .4, .41, .42, .43, .44, .45, .46, .47, .48, .49, .5, .51, .52, .53, .54, .55, .56, .57, .58, .59, .6, .61, .62, .63, .64, .65, .66, .67, .68, .69, .7, .71, .72, .73, .74, .75, .76, .77, .78, .79, .8, .81, .82, .83, .84, .85, .86, .87, .88, .89, .9, .91, .92, .93, .94, .95, .96, .97, .98, .99, 1]; % Vector of state-of-charge values, SOC
ParallelAssembly1.V0_vecCell = [2.78866, 2.85705, 2.9399, 2.9762, 3.01251, 3.04882, 3.10085, 3.15288, 3.19526, 3.23378, 3.27026, 3.29683, 3.3202, 3.34216, 3.36071, 3.37869, 3.39522, 3.40936, 3.42116, 3.43247, 3.44296, 3.45253, 3.4621, 3.47168, 3.47981, 3.48589, 3.49191, 3.49852, 3.50514, 3.51166, 3.51793, 3.52413, 3.53014, 3.5361, 3.5422, 3.5486, 3.55501, 3.56135, 3.56757, 3.57378, 3.5802, 3.58658, 3.59285, 3.59911, 3.60522, 3.61126, 3.6173, 3.62334, 3.62937, 3.63541, 3.64172, 3.65002, 3.65922, 3.66843, 3.67774, 3.68705, 3.69636, 3.70567, 3.71498, 3.72395, 3.73263, 3.74129, 3.74974, 3.75815, 3.76656, 3.77497, 3.78345, 3.79201, 3.80058, 3.80915, 3.81772, 3.8263, 3.83493, 3.84366, 3.8525, 3.86255, 3.87289, 3.88332, 3.89375, 3.90419, 3.91462, 3.92505, 3.93549, 3.9468, 3.95849, 3.97034, 3.98295, 3.99562, 4.0083, 4.02097, 4.03332, 4.04495, 4.05596, 4.06698, 4.0778, 4.0887, 4.10062, 4.11408, 4.12548, 4.13345, 4.05294]; % Open-circuit voltage, V0(SOC), V
ParallelAssembly1.V_rangeCell = [2.475, Inf]; % Terminal voltage operating range [Min Max], V
ParallelAssembly1.R0_vecCell = [.09603, .09983, .10832, .10252, .09675, .09122, .09227, .09475, .09603, .09767, .10033, .10063, .10093, .10152, .10164, .10179, .10206, .1018, .10114, .101, .10083, .10046, .1001, .09973, .09895, .09787, .09686, .0964, .09595, .09547, .09493, .09438, .09383, .09328, .09286, .09268, .0925, .0923, .09207, .09183, .09158, .09129, .09097, .09065, .09019, .08966, .08913, .0886, .08807, .08754, .08709, .08715, .08735, .08754, .08783, .08812, .08841, .08871, .089, .08898, .08885, .08873, .08856, .08838, .0882, .08802, .0879, .08786, .08782, .08777, .08773, .08769, .08766, .08765, .08775, .08831, .08891, .0895, .09009, .09068, .09128, .09187, .09246, .09325, .09414, .09506, .09659, .09819, .09978, .10137, .10289, .10428, .10573, .10718, .10844, .10966, .1111, .11285, .11028, .10452, .0168]; % Terminal resistance, R0(SOC), Ohm
ParallelAssembly1.AHCell = 2.318; % Cell capacity, AH, A*hr

%% Additional Parameters

% Source: https://industrial.panasonic.com/ww/products/pt/lithium-ion/models/NCA103450
ParallelAssembly1.cellchemistry = "NCA"; % NCA

%electrical
ParallelAssembly1.U_nom = 3.6; %nominal Voltag [V]
ParallelAssembly1.Crate_max = 4; % Assumed