%% Battery parameters

%% NewParallelAssembly
NewParallelAssembly.SOC_vecCell = [0, .01, .02, .03, .04, .05, .06, .07, .08, .09, .1, .11, .12, .13, .14, .15, .16, .17, .18, .19, .2, .21, .22, .23, .24, .25, .26, .27, .28, .29, .3, .31, .32, .33, .34, .35, .36, .37, .38, .39, .4, .41, .42, .43, .44, .45, .46, .47, .48, .49, .5, .51, .52, .53, .54, .55, .56, .57, .58, .59, .6, .61, .62, .63, .64, .65, .66, .67, .68, .69, .7, .71, .72, .73, .74, .75, .76, .77, .78, .79, .8, .81, .82, .83, .84, .85, .86, .87, .88, .89, .9, .91, .92, .93, .94, .95, .96, .97, .98, .99, 1]; % Vector of state-of-charge values, SOC
NewParallelAssembly.V0_vecCell = [3.55624, 3.56958, 3.61661, 3.64139, 3.64947, 3.65149, 3.6584, 3.66445, 3.67002, 3.67382, 3.68023, 3.68623, 3.6924, 3.70063, 3.70853, 3.71542, 3.72226, 3.72936, 3.73696, 3.74257, 3.74482, 3.74661, 3.7486, 3.75103, 3.75343, 3.75582, 3.75822, 3.76053, 3.7617, 3.76301, 3.76462, 3.76623, 3.76783, 3.76944, 3.77097, 3.77215, 3.77332, 3.77452, 3.77574, 3.77703, 3.7787, 3.78036, 3.78203, 3.7837, 3.78536, 3.78703, 3.78884, 3.79191, 3.79609, 3.80028, 3.80446, 3.80859, 3.81235, 3.81613, 3.81991, 3.82369, 3.82783, 3.83206, 3.83851, 3.84556, 3.85261, 3.85922, 3.86558, 3.87222, 3.87887, 3.88552, 3.89212, 3.89847, 3.90454, 3.91062, 3.91669, 3.92276, 3.92884, 3.93549, 3.94259, 3.95015, 3.95855, 3.96696, 3.97536, 3.98375, 3.99205, 4.00006, 4.00797, 4.01589, 4.0238, 4.03304, 4.04201, 4.05094, 4.05986, 4.069, 4.07884, 4.08843, 4.09802, 4.10738, 4.11603, 4.12313, 4.13059, 4.13742, 4.14424, 4.16055, 4.17654]; % Open-circuit voltage, V0(SOC), V
NewParallelAssembly.V_rangeCell = [2.475, Inf]; % Terminal voltage operating range [Min Max], V
NewParallelAssembly.R0_vecCell = [.68478, .50229, .44327, .40138, .35955, .32146, .30221, .2825, .26654, .24996, .24071, .23303, .2258, .22378, .22144, .2185, .21554, .21322, .21216, .21038, .20573, .20064, .19607, .19265, .18921, .18577, .18233, .17881, .17424, .17041, .16777, .16512, .16248, .15983, .15733, .15475, .15217, .14961, .14707, .14469, .14328, .14188, .14047, .13906, .13765, .13624, .1351, .13507, .13607, .13706, .13806, .13892, .13883, .13875, .13867, .13859, .13942, .14041, .14311, .14635, .1496, .15174, .153, .15437, .15574, .15711, .15847, .15948, .15981, .16013, .16046, .16078, .16111, .16164, .16231, .16326, .165, .16674, .16847, .1702, .1717, .17252, .17331, .1741, .17489, .17684, .17744, .17791, .17838, .17894, .17927, .17899, .17872, .17836, .1766, .17084, .16387, .1527, .14153, .11833, .08237]; % Terminal resistance, R0(SOC), Ohm
NewParallelAssembly.AHCell = 1.275; % Cell capacity, AH, A*hr
