%% Battery parameters

%% NewParallelAssembly
NewParallelAssembly.SOC_vecCell = [0, .01, .02, .03, .04, .05, .06, .07, .08, .09, .1, .11, .12, .13, .14, .15, .16, .17, .18, .19, .2, .21, .22, .23, .24, .25, .26, .27, .28, .29, .3, .31, .32, .33, .34, .35, .36, .37, .38, .39, .4, .41, .42, .43, .44, .45, .46, .47, .48, .49, .5, .51, .52, .53, .54, .55, .56, .57, .58, .59, .6, .61, .62, .63, .64, .65, .66, .67, .68, .69, .7, .71, .72, .73, .74, .75, .76, .77, .78, .79, .8, .81, .82, .83, .84, .85, .86, .87, .88, .89, .9, .91, .92, .93, .94, .95, .96, .97, .98, .99, 1]; % Vector of state-of-charge values, SOC
NewParallelAssembly.V0_vecCell = [3.4647, 3.48172, 3.49874, 3.51576, 3.53277, 3.54979, 3.57613, 3.59748, 3.61116, 3.61786, 3.63488, 3.64781, 3.66053, 3.67207, 3.68323, 3.68991, 3.69722, 3.70408, 3.71036, 3.71591, 3.72134, 3.7261, 3.73044, 3.73318, 3.73569, 3.73907, 3.74242, 3.7458, 3.74918, 3.75245, 3.75575, 3.75824, 3.75982, 3.7614, 3.7636, 3.76606, 3.7683, 3.77061, 3.77284, 3.77491, 3.77695, 3.77918, 3.78143, 3.78391, 3.78639, 3.78887, 3.79131, 3.79389, 3.79648, 3.79923, 3.80254, 3.8065, 3.81047, 3.81443, 3.81839, 3.82236, 3.82634, 3.83031, 3.83499, 3.84036, 3.84574, 3.85133, 3.85672, 3.8621, 3.86748, 3.87359, 3.88025, 3.88691, 3.89347, 3.89983, 3.90634, 3.91305, 3.9207, 3.92881, 3.93693, 3.94504, 3.95315, 3.96127, 3.96961, 3.97811, 3.98713, 3.99624, 4.00535, 4.01445, 4.02367, 4.03274, 4.04159, 4.05048, 4.05937, 4.06883, 4.07874, 4.08852, 4.09884, 4.10922, 4.11907, 4.12812, 4.1398, 4.15304, 4.16245, 4.17803, 4.19238]; % Open-circuit voltage, V0(SOC), V
NewParallelAssembly.V_rangeCell = [2.7, Inf]; % Terminal voltage operating range [Min Max], V
NewParallelAssembly.R0_vecCell = [.26542, .24218, .21912, .1983, .18097, .1649, .15207, .13915, .12558, .11605, .11172, .108, .10445, .10102, .09803, .09439, .09142, .08909, .08663, .08404, .08183, .0796, .07728, .07459, .07211, .07063, .06915, .06767, .06619, .06478, .0637, .06241, .06085, .0593, .05837, .05808, .05774, .05737, .05693, .05651, .0561, .05585, .05562, .05545, .05528, .0551, .0549, .05468, .05445, .05426, .05421, .05435, .05449, .05463, .05477, .05478, .05478, .05477, .05496, .05531, .05566, .05598, .05603, .05608, .05612, .05638, .05676, .05714, .05742, .05745, .05746, .05753, .05786, .0583, .05873, .05916, .0596, .05997, .06024, .06055, .06101, .06149, .06198, .06246, .06294, .06324, .06313, .06303, .06293, .06299, .06316, .06302, .06301, .063, .06252, .06099, .0598, .05891, .05445, .05026, .03984]; % Terminal resistance, R0(SOC), Ohm
NewParallelAssembly.AHCell = 2.198; % Cell capacity, AH, A*hr
