%% Battery parameters

%% NewParallelAssembly
NewParallelAssembly.SOC_vecCell = [0, .01, .02, .03, .04, .05, .06, .07, .08, .09, .1, .11, .12, .13, .14, .15, .16, .17, .18, .19, .2, .21, .22, .23, .24, .25, .26, .27, .28, .29, .3, .31, .32, .33, .34, .35, .36, .37, .38, .39, .4, .41, .42, .43, .44, .45, .46, .47, .48, .49, .5, .51, .52, .53, .54, .55, .56, .57, .58, .59, .6, .61, .62, .63, .64, .65, .66, .67, .68, .69, .7, .71, .72, .73, .74, .75, .76, .77, .78, .79, .8, .81, .82, .83, .84, .85, .86, .87, .88, .89, .9, .91, .92, .93, .94, .95, .96, .97, .98, .99, 1]; % Vector of state-of-charge values, SOC
NewParallelAssembly.V0_vecCell = [3.84332, 3.73394, 3.70996, 3.73088, 3.72086, 3.71432, 3.723, 3.71935, 3.71326, 3.71137, 3.71364, 3.71591, 3.7197, 3.72337, 3.72704, 3.7309, 3.7371, 3.74329, 3.74949, 3.75487, 3.75685, 3.75809, 3.75933, 3.76057, 3.7618, 3.76301, 3.76388, 3.76477, 3.76566, 3.76656, 3.76745, 3.76822, 3.7689, 3.76959, 3.77027, 3.77095, 3.7721, 3.77354, 3.77506, 3.77659, 3.77811, 3.77964, 3.78117, 3.78269, 3.78422, 3.78575, 3.78851, 3.7925, 3.79648, 3.8012, 3.80602, 3.81084, 3.81565, 3.82047, 3.82529, 3.83011, 3.83446, 3.83865, 3.84284, 3.84878, 3.85582, 3.86286, 3.8699, 3.87694, 3.88398, 3.89102, 3.89798, 3.90454, 3.91109, 3.91765, 3.9242, 3.93138, 3.9387, 3.94602, 3.95352, 3.96132, 3.96895, 3.97575, 3.98256, 3.98936, 3.99617, 4.00342, 4.01087, 4.01832, 4.02577, 4.03473, 4.04422, 4.05351, 4.06279, 4.07208, 4.08199, 4.0921, 4.10222, 4.11068, 4.11889, 4.12789, 4.13941, 4.15092, 4.16981, 4.17642, 4.1816]; % Open-circuit voltage, V0(SOC), V
NewParallelAssembly.V_rangeCell = [2.25, Inf]; % Terminal voltage operating range [Min Max], V
NewParallelAssembly.R0_vecCell = [2.11677, 1.29227, .87452, .73034, .60863, .4989, .44165, .38958, .34395, .3128, .296, .27921, .26907, .2598, .25054, .24193, .24138, .24083, .24028, .23932, .23537, .23126, .22716, .22305, .21895, .21482, .21058, .20643, .20228, .19813, .19398, .18968, .18526, .18084, .17643, .17201, .1692, .16737, .16559, .1638, .16202, .16023, .15845, .15666, .15488, .15309, .15262, .15363, .15464, .15601, .15744, .15886, .16028, .16171, .16313, .16455, .16437, .16362, .16287, .16417, .16665, .16913, .17161, .17409, .17657, .17905, .18124, .18205, .18285, .18366, .18446, .18557, .18675, .18793, .18934, .19113, .19232, .19067, .18902, .18737, .18571, .18429, .18295, .18162, .18028, .18086, .18178, .18198, .18219, .1824, .18291, .18353, .18415, .17905, .17308, .16811, .1663, .16448, .16631, .12444, .07758]; % Terminal resistance, R0(SOC), Ohm
NewParallelAssembly.AHCell = 0.932; % Cell capacity, AH, A*hr

%% Additional Parameters
NewParallelAssembly.cell_type = "PrismaticGeometry";

% Source: https://datasheetspdf.com/datasheet/UF463450F.html
NewParallelAssembly.cellchemistry = "NCA"; % NCA

%electrical
NewParallelAssembly.U_nom = 3.7; %nominal Voltag [V]
NewParallelAssembly.Crate_max = 4; % Assumed
%NewParallelAssembly.I_max

%physical
% Source: https://datasheetspdf.com/datasheet/UF463450F.html
NewParallelAssembly.rho = 0.0185/(0.00445*0.04960*0.03385);     % Density [kg/m^3]