%% Battery parameters

%% NewParallelAssembly
NewParallelAssembly.SOC_vecCell = [0, .01, .02, .03, .04, .05, .06, .07, .08, .09, .1, .11, .12, .13, .14, .15, .16, .17, .18, .19, .2, .21, .22, .23, .24, .25, .26, .27, .28, .29, .3, .31, .32, .33, .34, .35, .36, .37, .38, .39, .4, .41, .42, .43, .44, .45, .46, .47, .48, .49, .5, .51, .52, .53, .54, .55, .56, .57, .58, .59, .6, .61, .62, .63, .64, .65, .66, .67, .68, .69, .7, .71, .72, .73, .74, .75, .76, .77, .78, .79, .8, .81, .82, .83, .84, .85, .86, .87, .88, .89, .9, .91, .92, .93, .94, .95, .96, .97, .98, .99, 1]; % Vector of state-of-charge values, SOC
NewParallelAssembly.V0_vecCell = [2.7683, 2.84946, 2.92142, 2.97594, 3.01515, 3.05152, 3.08612, 3.15394, 3.20637, 3.24542, 3.28189, 3.31051, 3.3348, 3.35409, 3.37281, 3.39112, 3.407, 3.41993, 3.43286, 3.44311, 3.45204, 3.46154, 3.47016, 3.4776, 3.48468, 3.49239, 3.49968, 3.50658, 3.51313, 3.51924, 3.52501, 3.53071, 3.53698, 3.54333, 3.54903, 3.55368, 3.55818, 3.56253, 3.5668, 3.5722, 3.57882, 3.58542, 3.59202, 3.59862, 3.60562, 3.61203, 3.61838, 3.62489, 3.63143, 3.63796, 3.64559, 3.65387, 3.66215, 3.67063, 3.67951, 3.68887, 3.69822, 3.70757, 3.71681, 3.72561, 3.73464, 3.74368, 3.75272, 3.76172, 3.77086, 3.78008, 3.7892, 3.79831, 3.80747, 3.81672, 3.82596, 3.83527, 3.84466, 3.85406, 3.8632, 3.87212, 3.88065, 3.88921, 3.89821, 3.90835, 3.91895, 3.92955, 3.94019, 3.95169, 3.96338, 3.97505, 3.98686, 3.99894, 4.0107, 4.02189, 4.03181, 4.04217, 4.05283, 4.0647, 4.07656, 4.08754, 4.09613, 4.10474, 4.11367, 4.12855, 4.10349]; % Open-circuit voltage, V0(SOC), V
NewParallelAssembly.V_rangeCell = [2.475, Inf]; % Terminal voltage operating range [Min Max], V
NewParallelAssembly.R0_vecCell = [.17209, .18095, .18557, .183, .17382, .16361, .1549, .16322, .16934, .17134, .17253, .17209, .17071, .16946, .16797, .16638, .16497, .16346, .16195, .15958, .15681, .15481, .15291, .15071, .1483, .14645, .14487, .14316, .14149, .1398, .13798, .13622, .13502, .13383, .13236, .13045, .12855, .12668, .12478, .12353, .12309, .12265, .12221, .12177, .12146, .12082, .12015, .11946, .11877, .11809, .11779, .11775, .11772, .11766, .11768, .11793, .11818, .11843, .11853, .1183, .11815, .118, .11785, .1177, .11792, .11824, .11851, .11878, .11904, .11929, .11954, .11955, .11943, .11931, .11922, .11908, .11877, .11848, .11834, .11907, .11998, .1209, .12183, .12312, .12448, .12585, .12742, .12911, .1307, .13205, .13293, .13432, .13579, .13775, .13971, .14048, .1401, .13969, .1374, .12951, .06399]; % Terminal resistance, R0(SOC), Ohm
NewParallelAssembly.AHCell = 1.546; % Cell capacity, AH, A*hr

%% Additional Parameters
NewParallelAssembly.cell_type = "PrismaticGeometry";

% Source: https://industrial.panasonic.com/ww/products/pt/lithium-ion/models/NCA793540
NewParallelAssembly.cellchemistry = "NCA"; % NCA

%electrical
NewParallelAssembly.U_nom = 3.6; %nominal Voltag [V]
NewParallelAssembly.Crate_max = 4; % Assumed
%NewParallelAssembly.I_max

%physical
% Source: https://industrial.panasonic.com/ww/products/pt/lithium-ion/models/NCA793540
NewParallelAssembly.rho = 0.0247/(0.00795*0.0351*0.0405);     % Density [kg/m^3]