%% Battery parameters

%% NewParallelAssembly
NewParallelAssembly.SOC_vecCell = [0, .01, .02, .03, .04, .05, .06, .07, .08, .09, .1, .11, .12, .13, .14, .15, .16, .17, .18, .19, .2, .21, .22, .23, .24, .25, .26, .27, .28, .29, .3, .31, .32, .33, .34, .35, .36, .37, .38, .39, .4, .41, .42, .43, .44, .45, .46, .47, .48, .49, .5, .51, .52, .53, .54, .55, .56, .57, .58, .59, .6, .61, .62, .63, .64, .65, .66, .67, .68, .69, .7, .71, .72, .73, .74, .75, .76, .77, .78, .79, .8, .81, .82, .83, .84, .85, .86, .87, .88, .89, .9, .91, .92, .93, .94, .95, .96, .97, .98, .99, 1]; % Vector of state-of-charge values, SOC
NewParallelAssembly.V0_vecCell = [2.87827, 2.9326, 2.98693, 3.04127, 3.0956, 3.14993, 3.20426, 3.23869, 3.26568, 3.2917, 3.31158, 3.3268, 3.34202, 3.35724, 3.37247, 3.38504, 3.39642, 3.4084, 3.42039, 3.43238, 3.44437, 3.45624, 3.46697, 3.47579, 3.48245, 3.4891, 3.49575, 3.5024, 3.50906, 3.51571, 3.52198, 3.52846, 3.53495, 3.54143, 3.54791, 3.5544, 3.56007, 3.56556, 3.57106, 3.57656, 3.58206, 3.58769, 3.59346, 3.59917, 3.60488, 3.61058, 3.61629, 3.622, 3.62771, 3.6365, 3.64569, 3.65539, 3.6651, 3.67475, 3.68418, 3.69361, 3.70304, 3.71247, 3.7219, 3.73133, 3.74061, 3.74987, 3.75914, 3.7684, 3.77766, 3.7869, 3.79612, 3.80534, 3.81456, 3.82379, 3.83305, 3.84235, 3.85165, 3.86131, 3.8712, 3.8811, 3.891, 3.9009, 3.91079, 3.92069, 3.9305, 3.9408, 3.9511, 3.9614, 3.97237, 3.98407, 3.99577, 4.00748, 4.01918, 4.03094, 4.04253, 4.05404, 4.06556, 4.07708, 4.09055, 4.1048, 4.11818, 4.13554, 4.15444, 4.16995, 4.17694]; % Open-circuit voltage, V0(SOC), V
NewParallelAssembly.V_rangeCell = [2.25, Inf]; % Terminal voltage operating range [Min Max], V
NewParallelAssembly.R0_vecCell = [.25127, .20704, .16662, .12795, .10369, .09868, .09684, .09211, .09241, .09265, .0919, .09084, .08977, .08871, .08764, .08611, .08607, .0867, .08733, .08795, .08858, .0892, .08976, .08972, .08901, .0883, .08759, .08688, .08617, .08546, .08497, .08473, .08448, .08424, .084, .08376, .08326, .08271, .08217, .08162, .08107, .08053, .07999, .07938, .07877, .07816, .07755, .07693, .07632, .07667, .07708, .07752, .07795, .07833, .07847, .07861, .07875, .07889, .07903, .07918, .07931, .07944, .07957, .0797, .07983, .07993, .08001, .0801, .08018, .08027, .08035, .08044, .08053, .08073, .081, .08128, .08155, .08183, .0821, .08238, .08251, .08247, .08243, .08239, .08255, .08295, .08334, .08374, .08413, .08453, .08464, .08468, .08471, .08475, .08539, .08537, .08442, .08369, .08305, .07874, .06518]; % Terminal resistance, R0(SOC), Ohm
NewParallelAssembly.AHCell = 2.025; % Cell capacity, AH, A*hr

%% Additional Parameters
NewParallelAssembly.cell_type = "CylindricalGeometry";

% Source: https://industrial.panasonic.com/ww/products/pt/lithium-ion/models/NCR18500A
NewParallelAssembly.cellchemistry = "NCA"; % NCA

%electrical
NewParallelAssembly.U_nom = 3.6; %nominal Voltag [V]
NewParallelAssembly.Crate_max = 4; % Assumed
%NewParallelAssembly.I_max

%physical
% Source: https://industrial.panasonic.com/ww/products/pt/lithium-ion/models/NCR18500A
NewParallelAssembly.rho = 0.00345/((0.0185/2)^2*pi*0.0495);     % Density [kg/m^3]