%% Battery parameters

%% NewParallelAssembly
NewParallelAssembly.SOC_vecCell = [0, .01, .02, .03, .04, .05, .06, .07, .08, .09, .1, .11, .12, .13, .14, .15, .16, .17, .18, .19, .2, .21, .22, .23, .24, .25, .26, .27, .28, .29, .3, .31, .32, .33, .34, .35, .36, .37, .38, .39, .4, .41, .42, .43, .44, .45, .46, .47, .48, .49, .5, .51, .52, .53, .54, .55, .56, .57, .58, .59, .6, .61, .62, .63, .64, .65, .66, .67, .68, .69, .7, .71, .72, .73, .74, .75, .76, .77, .78, .79, .8, .81, .82, .83, .84, .85, .86, .87, .88, .89, .9, .91, .92, .93, .94, .95, .96, .97, .98, .99, 1]; % Vector of state-of-charge values, SOC
NewParallelAssembly.V0_vecCell = [2.84768, 2.96826, 3.06574, 3.13766, 3.1967, 3.24166, 3.27473, 3.30127, 3.32686, 3.34997, 3.37005, 3.38547, 3.39998, 3.41477, 3.42833, 3.4411, 3.45204, 3.46216, 3.47107, 3.47798, 3.48476, 3.49146, 3.49846, 3.50538, 3.51196, 3.51856, 3.52563, 3.53269, 3.53975, 3.5468, 3.55304, 3.5585, 3.56345, 3.56808, 3.57208, 3.57682, 3.58157, 3.58747, 3.59339, 3.59973, 3.6062, 3.61263, 3.61836, 3.62359, 3.62865, 3.63358, 3.63894, 3.64566, 3.65241, 3.65921, 3.66761, 3.67554, 3.68378, 3.69229, 3.70107, 3.71105, 3.72105, 3.73022, 3.73836, 3.74563, 3.75278, 3.7608, 3.77031, 3.78086, 3.7914, 3.80194, 3.81187, 3.82008, 3.8281, 3.83612, 3.84414, 3.85216, 3.86049, 3.86887, 3.87725, 3.88563, 3.89423, 3.9041, 3.91381, 3.92353, 3.93322, 3.94362, 3.95435, 3.96525, 3.97673, 3.98856, 4.00085, 4.01324, 4.02548, 4.03638, 4.04647, 4.05605, 4.06452, 4.07272, 4.08092, 4.09076, 4.1031, 4.11565, 4.12892, 4.15272, 4.17509]; % Open-circuit voltage, V0(SOC), V
NewParallelAssembly.V_rangeCell = [2.475, Inf]; % Terminal voltage operating range [Min Max], V
NewParallelAssembly.R0_vecCell = [.13304, .16124, .17824, .18397, .1856, .18421, .17878, .17634, .174, .17214, .17223, .17054, .16925, .16875, .16787, .16678, .16513, .16406, .1625, .15994, .15714, .15431, .15202, .15067, .14936, .14805, .14694, .14582, .14471, .1436, .14232, .1409, .13954, .13803, .13616, .13458, .133, .1317, .13039, .12929, .12827, .12722, .12629, .12491, .12342, .12187, .12033, .11873, .11718, .11566, .11527, .11494, .11474, .11476, .11496, .11526, .11533, .11502, .11406, .11322, .11239, .11191, .11181, .11212, .11243, .11273, .11274, .11223, .11174, .11125, .11076, .11026, .1097, .109, .10829, .10759, .10696, .10676, .10632, .10587, .10543, .10539, .10551, .10565, .10572, .10597, .10644, .10737, .10834, .10863, .10782, .10669, .10518, .1035, .10174, .10038, .10004, .09769, .09524, .09028, .07584]; % Terminal resistance, R0(SOC), Ohm
NewParallelAssembly.AHCell = 1.257; % Cell capacity, AH, A*hr

%% Additional Parameters
NewParallelAssembly.cell_type = "PrismaticGeometry";

% Source: https://industrial.panasonic.com/ww/products/pt/lithium-ion/models/NCA593446
ParallelAssembly1.cellchemistry = "NCA"; % NCA

%electrical
ParallelAssembly1.U_nom = 3.6; %nominal Voltag [V]
ParallelAssembly1.Crate_max = 4; % Assumed
%ParallelAssembly1.I_max

%physical
% Source:https://industrial.panasonic.com/ww/products/pt/lithium-ion/models/NCA593446
ParallelAssembly1.rho = 0.0206/(0.0059*0.0338*0.046);     % Density [kg/m^3]