%% Battery parameters

%% NewParallelAssembly
NewParallelAssembly.SOC_vecCell = [0, .01, .02, .03, .04, .05, .06, .07, .08, .09, .1, .11, .12, .13, .14, .15, .16, .17, .18, .19, .2, .21, .22, .23, .24, .25, .26, .27, .28, .29, .3, .31, .32, .33, .34, .35, .36, .37, .38, .39, .4, .41, .42, .43, .44, .45, .46, .47, .48, .49, .5, .51, .52, .53, .54, .55, .56, .57, .58, .59, .6, .61, .62, .63, .64, .65, .66, .67, .68, .69, .7, .71, .72, .73, .74, .75, .76, .77, .78, .79, .8, .81, .82, .83, .84, .85, .86, .87, .88, .89, .9, .91, .92, .93, .94, .95, .96, .97, .98, .99, 1]; % Vector of state-of-charge values, SOC
NewParallelAssembly.V0_vecCell = [2.54959, 2.72277, 2.8309, 2.90338, 2.94932, 2.99568, 3.04282, 3.08893, 3.13237, 3.1748, 3.21261, 3.24735, 3.27811, 3.30611, 3.33207, 3.35348, 3.37373, 3.39078, 3.40552, 3.42083, 3.43203, 3.4417, 3.44978, 3.45814, 3.46654, 3.47495, 3.48258, 3.48961, 3.49665, 3.5042, 3.51255, 3.52116, 3.52942, 3.53684, 3.54421, 3.55146, 3.55892, 3.56648, 3.57366, 3.58054, 3.58765, 3.59465, 3.60064, 3.60661, 3.61259, 3.61852, 3.62445, 3.63043, 3.63671, 3.64314, 3.64971, 3.6568, 3.66398, 3.67131, 3.67896, 3.68659, 3.69422, 3.70211, 3.70999, 3.71791, 3.72583, 3.73426, 3.74295, 3.75164, 3.76009, 3.76809, 3.77609, 3.78411, 3.79209, 3.79975, 3.80711, 3.81469, 3.82306, 3.83141, 3.83964, 3.8465, 3.85319, 3.85997, 3.86692, 3.87404, 3.88116, 3.889, 3.89764, 3.90628, 3.91468, 3.92424, 3.93459, 3.94495, 3.9552, 3.96544, 3.97573, 3.98567, 3.99568, 4.00621, 4.01675, 4.02606, 4.03387, 4.0415, 4.04823, 4.05702, 4.18791]; % Open-circuit voltage, V0(SOC), V
NewParallelAssembly.V_rangeCell = [2.25, Inf]; % Terminal voltage operating range [Min Max], V
NewParallelAssembly.R0_vecCell = [.14748, .16286, .15506, .13564, .11292, .10209, .09565, .09242, .09015, .08876, .08936, .08943, .08993, .0901, .0913, .09117, .0919, .09161, .09109, .09139, .09028, .08916, .08754, .08684, .08616, .08548, .0845, .08334, .08219, .08142, .08122, .08111, .08093, .08056, .08016, .07973, .07949, .07936, .07909, .07879, .07858, .07833, .07771, .07707, .07642, .07575, .07508, .07428, .07341, .07268, .0721, .07169, .07133, .07104, .07087, .07055, .07024, .07001, .06918, .06824, .06729, .06688, .06676, .06663, .06644, .06614, .06584, .06556, .06546, .06525, .065, .06492, .06518, .06543, .06567, .0654, .06507, .06475, .0645, .06431, .06412, .06422, .06463, .06503, .0651, .06525, .06551, .06577, .06603, .06629, .0665, .06632, .06616, .06636, .06665, .06648, .06536, .06416, .06143, .05804, .02838]; % Terminal resistance, R0(SOC), Ohm
NewParallelAssembly.AHCell = 3.008; % Cell capacity, AH, A*hr

%% Additional Parameters
NewParallelAssembly.cell_type = "CylindricalGeometry";

% Source: https://industrial.panasonic.com/ww/products/pt/lithium-ion/models/NCR18650BF
NewParallelAssembly.cellchemistry = "NCA"; % NCA

%electrical
NewParallelAssembly.U_nom = 3.6; %nominal Voltag [V]
NewParallelAssembly.Crate_max = 4; % Assumed
%NewParallelAssembly.I_max

%physical
% Source: https://industrial.panasonic.com/ww/products/pt/lithium-ion/models/NCR18650BF
NewParallelAssembly.rho = 0.0475/((0.0186/2)^2*pi*0.0653);     % Density [kg/m^3]