%% Battery parameters

%% ParallelAssembly1
ParallelAssembly1.SOC_vecCell = [0, .01, .02, .03, .04, .05, .06, .07, .08, .09, .1, .11, .12, .13, .14, .15, .16, .17, .18, .19, .2, .21, .22, .23, .24, .25, .26, .27, .28, .29, .3, .31, .32, .33, .34, .35, .36, .37, .38, .39, .4, .41, .42, .43, .44, .45, .46, .47, .48, .49, .5, .51, .52, .53, .54, .55, .56, .57, .58, .59, .6, .61, .62, .63, .64, .65, .66, .67, .68, .69, .7, .71, .72, .73, .74, .75, .76, .77, .78, .79, .8, .81, .82, .83, .84, .85, .86, .87, .88, .89, .9, .91, .92, .93, .94, .95, .96, .97, .98, .99, 1]; % Vector of state-of-charge values, SOC
ParallelAssembly1.V0_vecCell = [2.06518, 2.68276, 2.83127, 2.93006, 3.00018, 3.05444, 3.098, 3.13677, 3.17233, 3.19687, 3.20429, 3.20797, 3.21084, 3.21322, 3.21517, 3.22057, 3.22301, 3.22946, 3.23827, 3.24173, 3.24488, 3.24931, 3.2535, 3.25765, 3.26117, 3.26357, 3.26578, 3.26981, 3.27407, 3.27754, 3.27963, 3.28165, 3.28353, 3.28542, 3.28715, 3.28889, 3.29062, 3.29275, 3.29575, 3.29889, 3.30203, 3.3027, 3.30283, 3.30242, 3.30201, 3.30226, 3.30369, 3.30511, 3.3066, 3.30845, 3.30961, 3.31045, 3.31128, 3.31212, 3.31294, 3.31336, 3.31432, 3.31596, 3.3176, 3.31906, 3.32016, 3.32147, 3.32313, 3.32479, 3.32699, 3.32924, 3.33149, 3.33281, 3.33327, 3.33363, 3.33398, 3.33434, 3.33558, 3.33748, 3.33946, 3.34145, 3.34404, 3.34672, 3.34941, 3.35026, 3.35086, 3.35091, 3.35083, 3.35192, 3.35429, 3.3566, 3.35958, 3.36218, 3.36335, 3.36552, 3.36994, 3.3722, 3.3731, 3.37515, 3.37949, 3.38971, 3.40199, 3.42645, 3.48039, 3.63268, 3.84587]; % Open-circuit voltage, V0(SOC), V
ParallelAssembly1.V_rangeCell = [1.8, Inf]; % Terminal voltage operating range [Min Max], V
ParallelAssembly1.R0_vecCell = [.03594, .04836, .04765, .04556, .04266, .03932, .03569, .03191, .02805, .02388, .02036, .01833, .01708, .01587, .01474, .01411, .01378, .01359, .01333, .01312, .01302, .01308, .01313, .01318, .01323, .01327, .01333, .01346, .0136, .01363, .01363, .01362, .01361, .01363, .01368, .01374, .01379, .01385, .01395, .01407, .01419, .01424, .01428, .01426, .01424, .01424, .01427, .01431, .01435, .01443, .0145, .01456, .01462, .01468, .01473, .01474, .01476, .0148, .01484, .01488, .0149, .01492, .01498, .01504, .01513, .01523, .01532, .01539, .01543, .01545, .01547, .0155, .01554, .01561, .01566, .01572, .0158, .01589, .01598, .01601, .01605, .01609, .01612, .01613, .01616, .01619, .01618, .01594, .0156, .01534, .01512, .01474, .01431, .01395, .01345, .01301, .01263, .01235, .01272, .01483, .01454]; % Terminal resistance, R0(SOC), Ohm
ParallelAssembly1.AHCell = 2.341; % Cell capacity, AH, A*hr
