%% Battery parameters

%% NewParallelAssembly
NewParallelAssembly.SOC_vecCell = [0, .01, .02, .03, .04, .05, .06, .07, .08, .09, .1, .11, .12, .13, .14, .15, .16, .17, .18, .19, .2, .21, .22, .23, .24, .25, .26, .27, .28, .29, .3, .31, .32, .33, .34, .35, .36, .37, .38, .39, .4, .41, .42, .43, .44, .45, .46, .47, .48, .49, .5, .51, .52, .53, .54, .55, .56, .57, .58, .59, .6, .61, .62, .63, .64, .65, .66, .67, .68, .69, .7, .71, .72, .73, .74, .75, .76, .77, .78, .79, .8, .81, .82, .83, .84, .85, .86, .87, .88, .89, .9, .91, .92, .93, .94, .95, .96, .97, .98, .99, 1]; % Vector of state-of-charge values, SOC
NewParallelAssembly.V0_vecCell = [3.58129, 3.67967, 3.71776, 3.78963, 3.7864, 3.78656, 3.77259, 3.76363, 3.76107, 3.76353, 3.76543, 3.76491, 3.75996, 3.7591, 3.75841, 3.75918, 3.76384, 3.76798, 3.7697, 3.77036, 3.77153, 3.77184, 3.77419, 3.7757, 3.77735, 3.77831, 3.7792, 3.77977, 3.77968, 3.77988, 3.77998, 3.78001, 3.78085, 3.7819, 3.78327, 3.7847, 3.78614, 3.78758, 3.78843, 3.78938, 3.7905, 3.79218, 3.79406, 3.79594, 3.79783, 3.80048, 3.80391, 3.80701, 3.80936, 3.8117, 3.81442, 3.81826, 3.82263, 3.82737, 3.83204, 3.83618, 3.84031, 3.8446, 3.84901, 3.85329, 3.85757, 3.86332, 3.87129, 3.87935, 3.88746, 3.89561, 3.90372, 3.91141, 3.91905, 3.92686, 3.9348, 3.94275, 3.95018, 3.95752, 3.96495, 3.97343, 3.98197, 3.98984, 3.99731, 4.00511, 4.01296, 4.02095, 4.0292, 4.03906, 4.04829, 4.05755, 4.06767, 4.0785, 4.08932, 4.10038, 4.11181, 4.12284, 4.13271, 4.14204, 4.14972, 4.15911, 4.16809, 4.17344, 4.17711, 4.17394, 4.24586]; % Open-circuit voltage, V0(SOC), V
NewParallelAssembly.V_rangeCell = [2.475, Inf]; % Terminal voltage operating range [Min Max], V
NewParallelAssembly.R0_vecCell = [.40399, .75823, .63631, .60004, .52405, .47063, .4253, .38809, .36037, .34853, .33475, .31551, .29885, .28731, .27527, .26541, .26016, .25783, .25329, .24827, .24377, .23819, .23398, .2292, .22501, .22043, .21605, .21391, .21088, .20715, .20339, .20008, .19758, .19529, .19257, .18953, .18649, .18419, .18157, .17905, .17671, .1751, .17371, .17232, .17094, .17032, .17047, .17014, .16904, .16794, .16709, .16643, .1663, .16653, .1668, .16662, .16644, .16642, .16662, .16694, .16726, .16906, .17286, .17639, .17998, .1836, .18616, .18673, .18726, .18794, .18945, .19098, .19202, .19318, .19441, .19633, .19811, .19921, .19961, .20029, .20095, .20125, .20181, .2033, .20397, .20469, .20664, .20963, .21261, .21582, .21737, .21853, .21851, .21777, .21539, .21348, .20809, .19814, .18319, .10181, .0785]; % Terminal resistance, R0(SOC), Ohm
NewParallelAssembly.AHCell = 1.007; % Cell capacity, AH, A*hr

%% Additional Parameters
NewParallelAssembly.cell_type = "PrismaticGeometry";

% Source: https://industrial.panasonic.com/ww/products/pt/lithium-ion/models/NCA463436A
NewParallelAssembly.cellchemistry = "NCA"; % NCA

%electrical
NewParallelAssembly.U_nom = 3.6; %nominal Voltag [V]
NewParallelAssembly.Crate_max = 4; % Assumed
%NewParallelAssembly.I_max

%physical
% Source: https://industrial.panasonic.com/ww/products/pt/lithium-ion/models/NCA463436A
NewParallelAssembly.rho = 0.0124/(0.0046*0.0343*0.0355);     % Density [kg/m^3]