%% Battery parameters

%% NewParallelAssembly
NewParallelAssembly.SOC_vecCell = [0, .01, .02, .03, .04, .05, .06, .07, .08, .09, .1, .11, .12, .13, .14, .15, .16, .17, .18, .19, .2, .21, .22, .23, .24, .25, .26, .27, .28, .29, .3, .31, .32, .33, .34, .35, .36, .37, .38, .39, .4, .41, .42, .43, .44, .45, .46, .47, .48, .49, .5, .51, .52, .53, .54, .55, .56, .57, .58, .59, .6, .61, .62, .63, .64, .65, .66, .67, .68, .69, .7, .71, .72, .73, .74, .75, .76, .77, .78, .79, .8, .81, .82, .83, .84, .85, .86, .87, .88, .89, .9, .91, .92, .93, .94, .95, .96, .97, .98, .99, 1]; % Vector of state-of-charge values, SOC
NewParallelAssembly.V0_vecCell = [2.74087, 2.86425, 2.94379, 3.04526, 3.12652, 3.19558, 3.2527, 3.29775, 3.33159, 3.36, 3.3837, 3.4034, 3.41925, 3.43509, 3.4486, 3.45932, 3.47006, 3.47863, 3.48489, 3.49188, 3.49842, 3.50409, 3.50964, 3.51584, 3.52204, 3.52785, 3.53338, 3.53848, 3.54356, 3.54863, 3.55351, 3.55882, 3.56372, 3.56861, 3.5735, 3.57836, 3.58329, 3.58821, 3.59317, 3.59804, 3.60332, 3.60907, 3.61483, 3.62059, 3.62652, 3.6327, 3.63888, 3.64585, 3.65366, 3.66147, 3.66917, 3.67655, 3.68392, 3.69145, 3.69898, 3.70781, 3.71738, 3.72696, 3.73653, 3.74624, 3.75595, 3.7653, 3.77428, 3.7832, 3.79205, 3.8007, 3.80927, 3.8178, 3.82625, 3.83464, 3.84361, 3.85255, 3.86146, 3.87037, 3.87823, 3.88606, 3.89449, 3.90374, 3.91298, 3.9226, 3.93231, 3.94199, 3.95307, 3.96471, 3.97635, 3.98832, 4.00042, 4.01239, 4.02377, 4.03506, 4.04653, 4.05796, 4.06839, 4.07872, 4.08848, 4.09766, 4.10666, 4.11624, 4.12852, 4.14359, 4.22965]; % Open-circuit voltage, V0(SOC), V
NewParallelAssembly.V_rangeCell = [2.475, Inf]; % Terminal voltage operating range [Min Max], V
NewParallelAssembly.R0_vecCell = [.3952, .44824, .45817, .49649, .51801, .52941, .53219, .52804, .51966, .50893, .49666, .48177, .46682, .45187, .43666, .42292, .40923, .39435, .37836, .3654, .35267, .33913, .32835, .31969, .31103, .30202, .29449, .28761, .28074, .27387, .26782, .26352, .25908, .25465, .2502, .2454, .24066, .23593, .23117, .22626, .22256, .22016, .21777, .21537, .21336, .21163, .20989, .20874, .20837, .208, .20731, .20564, .20397, .20226, .20055, .20026, .20086, .20147, .20207, .20264, .2032, .20269, .20183, .20093, .20005, .19903, .19783, .19654, .19527, .19397, .19325, .19243, .19151, .1906, .1887, .18671, .18502, .18504, .18507, .18543, .18518, .18483, .18547, .18641, .18735, .18945, .19195, .19411, .19486, .19553, .19661, .19791, .19879, .19998, .20083, .20074, .1989, .19723, .19215, .18252, .02326]; % Terminal resistance, R0(SOC), Ohm
NewParallelAssembly.AHCell = 0.716; % Cell capacity, AH, A*hr

%% Additional Parameters
NewParallelAssembly.cell_type = "PrismaticGeometry";

% Source: https://industrial.panasonic.com/ww/products/pt/lithium-ion/models/NCA463436A
NewParallelAssembly.cellchemistry = "NCA"; % NCA

%electrical
NewParallelAssembly.U_nom = 3.6; %nominal Voltag [V]
NewParallelAssembly.Crate_max = 4; % Assumed
%NewParallelAssembly.I_max

%physical
% Source: https://industrial.panasonic.com/ww/products/pt/lithium-ion/models/NCA463436A
NewParallelAssembly.rho = 0.0124/(0.0046*0.0343*0.0355);     % Density [kg/m^3]