%% Battery parameters

%% ParallelAssembly1
ParallelAssembly1.SOC_vecCell = [0, .01, .02, .03, .04, .05, .06, .07, .08, .09, .1, .11, .12, .13, .14, .15, .16, .17, .18, .19, .2, .21, .22, .23, .24, .25, .26, .27, .28, .29, .3, .31, .32, .33, .34, .35, .36, .37, .38, .39, .4, .41, .42, .43, .44, .45, .46, .47, .48, .49, .5, .51, .52, .53, .54, .55, .56, .57, .58, .59, .6, .61, .62, .63, .64, .65, .66, .67, .68, .69, .7, .71, .72, .73, .74, .75, .76, .77, .78, .79, .8, .81, .82, .83, .84, .85, .86, .87, .88, .89, .9, .91, .92, .93, .94, .95, .96, .97, .98, .99, 1]; % Vector of state-of-charge values, SOC
ParallelAssembly1.V0_vecCell = [2.93217, 2.94263, 2.95309, 2.96355, 2.97401, 2.98447, 2.99493, 3.02455, 3.05382, 3.07377, 3.08453, 3.09529, 3.09916, 3.10271, 3.10625, 3.1098, 3.11335, 3.11689, 3.12044, 3.13089, 3.13795, 3.14459, 3.14961, 3.15451, 3.15932, 3.16324, 3.16716, 3.17063, 3.17297, 3.17544, 3.17798, 3.18052, 3.18295, 3.18533, 3.18771, 3.19009, 3.19215, 3.19403, 3.1959, 3.19777, 3.1998, 3.20198, 3.20371, 3.20501, 3.20619, 3.20738, 3.20856, 3.20974, 3.21092, 3.2121, 3.21329, 3.21447, 3.21565, 3.21672, 3.21787, 3.21904, 3.22021, 3.22139, 3.22256, 3.22374, 3.22492, 3.2261, 3.22728, 3.22847, 3.22965, 3.23083, 3.23201, 3.23319, 3.23437, 3.23552, 3.23652, 3.23778, 3.23909, 3.24045, 3.24217, 3.2439, 3.24563, 3.24736, 3.24909, 3.25082, 3.25255, 3.25428, 3.256, 3.25774, 3.25951, 3.26116, 3.26238, 3.26307, 3.26352, 3.26396, 3.26441, 3.26485, 3.2653, 3.26593, 3.26612, 3.26743, 3.26879, 3.27596, 3.2842, 3.30299, 3.33677]; % Open-circuit voltage, V0(SOC), V
ParallelAssembly1.V_rangeCell = [1.8, Inf]; % Terminal voltage operating range [Min Max], V
ParallelAssembly1.R0_vecCell = [.00349, .0033, .00311, .00292, .00272, .00253, .00235, .00233, .00235, .00232, .00223, .00214, .00205, .00196, .00187, .00181, .00175, .00169, .00164, .00167, .00168, .00168, .00168, .00168, .00167, .00167, .00167, .00167, .00166, .00165, .00164, .00164, .00163, .00163, .00162, .00162, .00161, .0016, .00159, .00159, .00158, .00158, .00158, .00157, .00156, .00156, .00155, .00154, .00154, .00153, .00153, .00152, .00151, .00151, .0015, .0015, .0015, .00149, .00149, .00149, .00148, .00148, .00148, .00147, .00147, .00147, .00147, .00146, .00146, .00146, .00145, .00146, .00146, .00147, .00147, .00148, .00149, .0015, .0015, .00151, .00152, .00153, .00153, .00154, .00155, .00155, .00156, .00155, .00154, .00153, .00152, .00151, .0015, .00148, .00144, .0014, .00137, .00136, .00131, .00127, .00104]; % Terminal resistance, R0(SOC), Ohm
ParallelAssembly1.AHCell = 19.487; % Cell capacity, AH, A*hr

%% Additional Parameters
ParallelAssembly1.cell_type = "PouchGeometry";

% Source: https://shop.lipopower.de/A123-Systems-AMP20M1HD-A-20Ah-Folienzelle-original-lange-Tabs
ParallelAssembly1.cellchemistry = "LFP"; % LiFePo4

%electrical
ParallelAssembly1.U_nom = 3.3; %nominal Voltag [V]
ParallelAssembly1.Crate_max = 15;
%ParallelAssembly1.I_max

%physical
% Source: https://shop.lipopower.de/A123-Systems-AMP20M1HD-A-20Ah-Folienzelle-original-lange-Tabs
ParallelAssembly1.rho = 0.490/(0.227*0.161*0.0072);     % Density [kg/m^3]