%% Battery parameters

%% NewParallelAssembly
NewParallelAssembly.SOC_vecCell = [0, .01, .02, .03, .04, .05, .06, .07, .08, .09, .1, .11, .12, .13, .14, .15, .16, .17, .18, .19, .2, .21, .22, .23, .24, .25, .26, .27, .28, .29, .3, .31, .32, .33, .34, .35, .36, .37, .38, .39, .4, .41, .42, .43, .44, .45, .46, .47, .48, .49, .5, .51, .52, .53, .54, .55, .56, .57, .58, .59, .6, .61, .62, .63, .64, .65, .66, .67, .68, .69, .7, .71, .72, .73, .74, .75, .76, .77, .78, .79, .8, .81, .82, .83, .84, .85, .86, .87, .88, .89, .9, .91, .92, .93, .94, .95, .96, .97, .98, .99, 1]; % Vector of state-of-charge values, SOC
NewParallelAssembly.V0_vecCell = [2.97795, 3.00768, 3.03742, 3.06715, 3.09688, 3.12661, 3.15634, 3.18608, 3.21581, 3.24554, 3.27278, 3.29806, 3.31804, 3.33561, 3.35396, 3.37096, 3.38417, 3.39556, 3.40694, 3.41666, 3.42471, 3.43277, 3.44082, 3.44888, 3.45694, 3.46567, 3.47446, 3.48143, 3.4876, 3.49373, 3.49985, 3.50613, 3.51241, 3.51823, 3.52404, 3.52986, 3.53567, 3.5417, 3.54823, 3.55474, 3.56134, 3.56805, 3.57476, 3.58147, 3.58818, 3.59489, 3.60161, 3.60832, 3.61503, 3.62193, 3.629, 3.63608, 3.64395, 3.65308, 3.6622, 3.67133, 3.68065, 3.68942, 3.69815, 3.70688, 3.71561, 3.72454, 3.73357, 3.7426, 3.75162, 3.76065, 3.76969, 3.77872, 3.78776, 3.7968, 3.80584, 3.81475, 3.82363, 3.83251, 3.84166, 3.85131, 3.86097, 3.87062, 3.88027, 3.88993, 3.89958, 3.90995, 3.92106, 3.93242, 3.94381, 3.95544, 3.96741, 3.97917, 3.99081, 4.00244, 4.01407, 4.02571, 4.03734, 4.04948, 4.06257, 4.07631, 4.08963, 4.10234, 4.11506, 4.10598, 4.08686]; % Open-circuit voltage, V0(SOC), V
NewParallelAssembly.V_rangeCell = [2.475, Inf]; % Terminal voltage operating range [Min Max], V
NewParallelAssembly.R0_vecCell = [.43667, .40818, .38159, .35673, .33244, .30937, .28673, .26411, .2453, .23703, .22722, .22281, .21654, .20909, .20469, .20268, .19939, .19521, .19103, .18832, .18552, .18272, .17992, .17711, .17431, .17286, .17179, .1697, .16769, .1657, .1637, .16201, .16037, .15843, .1565, .15457, .15263, .15103, .1502, .14935, .14841, .14744, .14647, .1455, .14453, .14356, .14259, .14162, .14065, .13977, .13897, .13818, .13788, .13836, .13884, .13932, .13976, .1388, .13778, .13676, .13574, .13482, .13394, .13306, .13218, .1313, .13043, .12956, .12869, .12781, .12694, .12609, .12525, .12441, .12398, .12392, .12386, .12381, .12375, .12369, .12363, .12402, .12487, .12568, .12648, .1274, .12848, .12915, .12955, .12996, .13037, .13078, .13119, .13189, .13307, .13412, .134, .13268, .13136, .08671, .0221]; % Terminal resistance, R0(SOC), Ohm
NewParallelAssembly.AHCell = 1.086; % Cell capacity, AH, A*hr

%% Additional Parameters
NewParallelAssembly.cell_type = "PrismaticGeometry";

% Source: https://industrial.panasonic.com/ww/products/pt/lithium-ion/models/NCA623535
NewParallelAssembly.cellchemistry = "NCA"; % NCA

%electrical
NewParallelAssembly.U_nom = 3.6; %nominal Voltag [V]
NewParallelAssembly.Crate_max = 4; % Assumed
%NewParallelAssembly.I_max

%physical
% Source: https://industrial.panasonic.com/ww/products/pt/lithium-ion/models/NCA623535
NewParallelAssembly.rho = 0.0176/(0.0063*0.0352*0.0351);     % Density [kg/m^3]