%% Battery parameters

%% NewParallelAssembly
NewParallelAssembly.SOC_vecCell = [0, .01, .02, .03, .04, .05, .06, .07, .08, .09, .1, .11, .12, .13, .14, .15, .16, .17, .18, .19, .2, .21, .22, .23, .24, .25, .26, .27, .28, .29, .3, .31, .32, .33, .34, .35, .36, .37, .38, .39, .4, .41, .42, .43, .44, .45, .46, .47, .48, .49, .5, .51, .52, .53, .54, .55, .56, .57, .58, .59, .6, .61, .62, .63, .64, .65, .66, .67, .68, .69, .7, .71, .72, .73, .74, .75, .76, .77, .78, .79, .8, .81, .82, .83, .84, .85, .86, .87, .88, .89, .9, .91, .92, .93, .94, .95, .96, .97, .98, .99, 1]; % Vector of state-of-charge values, SOC
NewParallelAssembly.V0_vecCell = [3.03164, 3.06096, 3.16373, 3.25864, 3.31443, 3.33951, 3.3567, 3.36998, 3.37956, 3.38696, 3.39362, 3.39777, 3.40192, 3.41281, 3.44213, 3.45243, 3.45954, 3.47215, 3.48174, 3.49305, 3.50359, 3.51389, 3.52342, 3.53275, 3.54163, 3.54888, 3.55621, 3.56377, 3.5698, 3.57414, 3.57848, 3.58282, 3.58716, 3.59156, 3.5952, 3.59885, 3.60249, 3.60614, 3.61, 3.61417, 3.61811, 3.62204, 3.62604, 3.63045, 3.63494, 3.63939, 3.64385, 3.64849, 3.65323, 3.65767, 3.66209, 3.66685, 3.67262, 3.67839, 3.68414, 3.68988, 3.69568, 3.70147, 3.70727, 3.71307, 3.71886, 3.72466, 3.73045, 3.73708, 3.74675, 3.75642, 3.76609, 3.77576, 3.78543, 3.79519, 3.80578, 3.81627, 3.82675, 3.83723, 3.84786, 3.85879, 3.86986, 3.88078, 3.89249, 3.90439, 3.9163, 3.92834, 3.94047, 3.95256, 3.96461, 3.97687, 3.9894, 4.00194, 4.01437, 4.02655, 4.03893, 4.0513, 4.06458, 4.07846, 4.09215, 4.10599, 4.12132, 4.13647, 4.14974, 4.15543, 4.36241]; % Open-circuit voltage, V0(SOC), V
NewParallelAssembly.V_rangeCell = [2.475, Inf]; % Terminal voltage operating range [Min Max], V
NewParallelAssembly.R0_vecCell = [.40841, .4721, .43836, .40463, .37089, .33715, .30342, .26968, .23594, .20221, .17002, .14012, .11672, .09809, .08763, .0772, .06731, .06486, .06233, .06206, .06191, .06168, .062, .06236, .06263, .06251, .06249, .06267, .06245, .06185, .06124, .06063, .06002, .05953, .05887, .0582, .05753, .05687, .05641, .05628, .05616, .05605, .05595, .05597, .05581, .05562, .05544, .05523, .05502, .05453, .05401, .05359, .05347, .05336, .05322, .053, .05277, .05255, .05232, .0521, .05187, .05164, .05141, .05116, .05169, .05223, .05276, .05329, .05382, .05419, .05438, .05453, .05469, .05484, .05503, .05521, .05539, .05541, .05544, .05552, .0556, .05567, .05573, .05576, .05578, .05587, .05604, .05621, .05621, .05572, .05528, .05483, .05454, .05427, .05381, .05338, .05319, .0525, .04961, .03081, .03145]; % Terminal resistance, R0(SOC), Ohm
NewParallelAssembly.AHCell = 2.328; % Cell capacity, AH, A*hr

%% Additional Parameters
NewParallelAssembly.cell_type = "CylindricalGeometry";

% Source: https://industrial.panasonic.com/ww/products/pt/lithium-ion/models/UR18650A
NewParallelAssembly.cellchemistry = "NCA"; % NCA

%electrical
NewParallelAssembly.U_nom = 3.6; %nominal Voltag [V]
NewParallelAssembly.Crate_max = 4; % Assumed
%NewParallelAssembly.I_max

%physical
% Source: https://industrial.panasonic.com/ww/products/pt/lithium-ion/models/UR18650A
NewParallelAssembly.rho = 0.043/((0.0185/2)^2*pi*0.0651);     % Density [kg/m^3]