%% Battery parameters

%% NewParallelAssembly
NewParallelAssembly.SOC_vecCell = [0, .01, .02, .03, .04, .05, .06, .07, .08, .09, .1, .11, .12, .13, .14, .15, .16, .17, .18, .19, .2, .21, .22, .23, .24, .25, .26, .27, .28, .29, .3, .31, .32, .33, .34, .35, .36, .37, .38, .39, .4, .41, .42, .43, .44, .45, .46, .47, .48, .49, .5, .51, .52, .53, .54, .55, .56, .57, .58, .59, .6, .61, .62, .63, .64, .65, .66, .67, .68, .69, .7, .71, .72, .73, .74, .75, .76, .77, .78, .79, .8, .81, .82, .83, .84, .85, .86, .87, .88, .89, .9, .91, .92, .93, .94, .95, .96, .97, .98, .99, 1]; % Vector of state-of-charge values, SOC
NewParallelAssembly.V0_vecCell = [3.04339, 3.19969, 3.32733, 3.41897, 3.47789, 3.5189, 3.54757, 3.56926, 3.58543, 3.59715, 3.60656, 3.61458, 3.62125, 3.62859, 3.63585, 3.64117, 3.64677, 3.65281, 3.65754, 3.6622, 3.66686, 3.67118, 3.67547, 3.67953, 3.68333, 3.68679, 3.68929, 3.69163, 3.69398, 3.69633, 3.69868, 3.70108, 3.7035, 3.70592, 3.70834, 3.71076, 3.71334, 3.71599, 3.71889, 3.72198, 3.72508, 3.72817, 3.73126, 3.73436, 3.73745, 3.74054, 3.74364, 3.74686, 3.75011, 3.75346, 3.75768, 3.7621, 3.76652, 3.77094, 3.77575, 3.78058, 3.78546, 3.79147, 3.79777, 3.80409, 3.8104, 3.81672, 3.82303, 3.82935, 3.83618, 3.84344, 3.8508, 3.85816, 3.86553, 3.87289, 3.88052, 3.88833, 3.89603, 3.90423, 3.91256, 3.92124, 3.93029, 3.93933, 3.94837, 3.95788, 3.96788, 3.97854, 3.98931, 4.00008, 4.01149, 4.02304, 4.03459, 4.04614, 4.05768, 4.06947, 4.08184, 4.09422, 4.1067, 4.11982, 4.1326, 4.14615, 4.15754, 4.16699, 4.17222, 4.18119, 4.30838]; % Open-circuit voltage, V0(SOC), V
NewParallelAssembly.V_rangeCell = [2.7, Inf]; % Terminal voltage operating range [Min Max], V
NewParallelAssembly.R0_vecCell = [.04577, .0693, .0871, .0981, .10274, .10473, .1047, .10401, .1029, .10084, .09855, .0961, .09374, .0923, .09098, .08942, .08829, .08779, .08711, .08642, .08573, .08504, .08435, .08362, .08285, .0821, .08136, .08067, .07998, .07929, .07859, .07791, .07723, .07655, .07588, .0752, .07463, .07414, .07372, .07333, .07295, .07256, .07218, .07179, .07141, .07102, .07064, .07034, .07007, .06981, .06973, .0697, .06966, .06963, .06966, .06969, .06974, .07, .07016, .07032, .07047, .07062, .07078, .07093, .07117, .0715, .07186, .07221, .07256, .07292, .07332, .07375, .0741, .07448, .07489, .07535, .07584, .07633, .07682, .07759, .07866, .07988, .08112, .08236, .08368, .08499, .0863, .08761, .08891, .09039, .09225, .09411, .09597, .09796, .0995, .10104, .10043, .09826, .09216, .08512, .00997]; % Terminal resistance, R0(SOC), Ohm
NewParallelAssembly.AHCell = 2.65; % Cell capacity, AH, A*hr

%% Additional Parameters
NewParallelAssembly.cell_type = "CylindricalGeometry";

% Source: https://industrial.panasonic.com/ww/products/pt/lithium-ion/models/UR18650ZTA
NewParallelAssembly.cellchemistry = "NCA"; % NCA

%electrical
NewParallelAssembly.U_nom = 3.6; %nominal Voltag [V]
NewParallelAssembly.Crate_max = 4; % Assumed
%NewParallelAssembly.I_max

%physical
% Source: https://industrial.panasonic.com/ww/products/pt/lithium-ion/models/UR18650ZTA
NewParallelAssembly.rho = 0.0475/((0.0185/2)^2*pi*0.0653);     % Density [kg/m^3]