%% Battery parameters

%% NewParallelAssembly
NewParallelAssembly.SOC_vecCell = [0, .01, .02, .03, .04, .05, .06, .07, .08, .09, .1, .11, .12, .13, .14, .15, .16, .17, .18, .19, .2, .21, .22, .23, .24, .25, .26, .27, .28, .29, .3, .31, .32, .33, .34, .35, .36, .37, .38, .39, .4, .41, .42, .43, .44, .45, .46, .47, .48, .49, .5, .51, .52, .53, .54, .55, .56, .57, .58, .59, .6, .61, .62, .63, .64, .65, .66, .67, .68, .69, .7, .71, .72, .73, .74, .75, .76, .77, .78, .79, .8, .81, .82, .83, .84, .85, .86, .87, .88, .89, .9, .91, .92, .93, .94, .95, .96, .97, .98, .99, 1]; % Vector of state-of-charge values, SOC
NewParallelAssembly.V0_vecCell = [2.817, 2.94537, 3.0182, 3.08984, 3.15197, 3.18868, 3.22389, 3.25188, 3.27953, 3.3028, 3.32214, 3.34136, 3.36247, 3.37682, 3.38851, 3.4018, 3.4147, 3.42636, 3.43803, 3.44822, 3.45549, 3.46277, 3.47005, 3.47732, 3.4846, 3.49328, 3.49997, 3.50631, 3.51243, 3.51855, 3.52468, 3.5308, 3.53692, 3.54304, 3.54917, 3.55568, 3.56257, 3.56948, 3.57636, 3.58289, 3.58942, 3.59595, 3.60248, 3.60901, 3.61554, 3.62207, 3.62861, 3.63511, 3.64233, 3.65, 3.65825, 3.6665, 3.67476, 3.68301, 3.69126, 3.69952, 3.70777, 3.71583, 3.72334, 3.73246, 3.74258, 3.75276, 3.76295, 3.77313, 3.78331, 3.7935, 3.80368, 3.81459, 3.82556, 3.83654, 3.84646, 3.85584, 3.86522, 3.87454, 3.8835, 3.89255, 3.9016, 3.91065, 3.91971, 3.92884, 3.93875, 3.95021, 3.96167, 3.97312, 3.98443, 3.99549, 4.00655, 4.01783, 4.0295, 4.04093, 4.05161, 4.06166, 4.07171, 4.08185, 4.09229, 4.10286, 4.11335, 4.12383, 4.13431, 4.1515, 4.17492]; % Open-circuit voltage, V0(SOC), V
NewParallelAssembly.V_rangeCell = [2.25, Inf]; % Terminal voltage operating range [Min Max], V
NewParallelAssembly.R0_vecCell = [.31638, .3243, .30647, .2881, .26534, .23483, .21466, .1963, .19065, .18321, .17517, .17035, .1686, .16602, .16263, .16182, .16098, .16003, .15908, .15746, .15485, .15224, .14963, .14702, .14441, .14408, .14309, .14204, .14098, .13992, .13886, .13779, .13673, .13567, .13461, .13373, .13328, .13287, .13246, .13202, .13158, .13114, .1307, .13026, .12982, .12938, .12894, .12846, .12829, .12823, .12821, .1282, .12818, .12817, .12815, .12814, .12812, .12779, .12659, .12613, .1261, .12607, .12605, .12602, .126, .12598, .12595, .12709, .12835, .1296, .13037, .13088, .1314, .13182, .13158, .13136, .13113, .1309, .13069, .13059, .13086, .13184, .13283, .13381, .13455, .1349, .13525, .13561, .13601, .1363, .13601, .1347, .13339, .13211, .13099, .12903, .12626, .1235, .12073, .11181, .10295]; % Terminal resistance, R0(SOC), Ohm
NewParallelAssembly.AHCell = 1.354; % Cell capacity, AH, A*hr

%% Additional Parameters
NewParallelAssembly.cell_type = "PrismaticGeometry";

% Source: https://industrial.panasonic.com/ww/products/pt/lithium-ion/models/NCA793540
NewParallelAssembly.cellchemistry = "NCA"; % NCA

%electrical
NewParallelAssembly.U_nom = 3.6; %nominal Voltag [V]
NewParallelAssembly.Crate_max = 4; % Assumed
%NewParallelAssembly.I_max

%physical
% Source: https://industrial.panasonic.com/ww/products/pt/lithium-ion/models/NCA793540
NewParallelAssembly.rho = 0.0023/(0.0087*0.0339*0.0357);     % Density [kg/m^3]